#$Id: CustomColorLUT.txt

#No. Label Name:                            R   G   B   A

1000                L_???_01                                190 4   183 255
1001                L_MEDIAL.WALL_01                        236 9   85  255
1002                L_8_B05_01                              191 14  121 255
1003                L_8_B05_02                              37  16  57  255
1004                L_8_B05_03                              88  18  108 255
1005                L_8_B05_04                              227 246 158 255
1006                L_8_B05_05                              36  21  23  255
1007                L_8_B05_06                              217 116 38  255
1008                L_6_B05_01                              121 243 38  255
1009                L_6_B05_02                              236 129 22  255
1010                L_6_B05_03                              138 53  172 255
1011                L_6_B05_04                              134 254 140 255
1012                L_6_B05_05                              214 247 205 255
1013                L_6_B05_06                              45  171 102 255
1014                L_6_B05_07                              70  19  146 255
1015                L_6_B05_08                              39  53  69  255
1016                L_6_B05_09                              199 11  154 255
1017                L_6_B05_10                              156 128 232 255
1018                L_6_B05_11                              160 242 145 255
1019                L_4_B05_01                              186 147 251 255
1020                L_4_B05_02                              30  112 4   255
1021                L_4_B05_03                              248 153 117 255
1022                L_4_B05_04                              31  54  128 255
1023                L_4_B05_05                              229 171 182 255
1024                L_4_B05_06                              20  82  176 255
1025                L_4_B05_07                              222 161 253 255
1026                L_4_B05_08                              154 90  68  255
1027                L_4_B05_09                              216 38  140 255
1028                L_4_B05_10                              182 21  15  255
1029                L_4_B05_11                              244 188 64  255
1030                L_4_B05_12                              49  213 137 255
1031                L_9_B05_01                              19  93  124 255
1032                L_9_B05_02                              21  32  77  255
1033                L_9_B05_03                              245 18  35  255
1034                L_9_B05_04                              246 227 87  255
1035                L_9_B05_05                              237 59  213 255
1036                L_9_B05_06                              175 195 160 255
1037                L_3_B05_01                              35  124 62  255
1038                L_3_B05_02                              165 203 122 255
1039                L_3_B05_03                              103 78  253 255
1040                L_1_B05_01                              179 129 185 255
1041                L_1_B05_02                              57  205 7   255
1042                L_1_B05_03                              253 191 140 255
1043                L_1_B05_04                              25  219 162 255
1044                L_1_B05_05                              208 141 96  255
1045                L_5_B05_01                              174 202 65  255
1046                L_5_B05_02                              100 242 142 255
1047                L_5_B05_03                              227 190 192 255
1048                L_7_B05_01                              97  15  24  255
1049                L_7_B05_02                              113 48  106 255
1050                L_7_B05_03                              222 190 126 255
1051                L_7_B05_04                              225 27  218 255
1052                L_7_B05_05                              52  249 151 255
1053                L_7_B05_06                              202 197 163 255
1054                L_7_B05_07                              176 253 14  255
1055                L_7_B05_08                              158 80  123 255
1056                L_7_B05_09                              103 187 32  255
1057                L_7_B05_10                              37  207 171 255
1058                L_7_B05_11                              11  105 195 255
1059                L_7_B05_12                              62  113 31  255
1060                L_7_B05_13                              44  146 183 255
1061                L_2_B05_01                              66  194 174 255
1062                L_2_B05_02                              243 157 8   255
1063                L_2_B05_03                              155 80  237 255
1064                L_2_B05_04                              155 204 135 255
1065                L_2_B05_05                              63  194 51  255
1066                L_2_B05_06                              200 62  145 255
1067                L_2_B05_07                              2   129 175 255
1068                L_2_B05_08                              31  37  67  255
1069                L_31_B05_01                             164 33  110 255
1070                L_31_B05_02                             229 168 199 255
1071                L_31_B05_03                             98  18  235 255
1072                L_31_B05_04                             195 51  100 255
1073                L_40_B05_01                             226 216 99  255
1074                L_40_B05_02                             19  151 169 255
1075                L_40_B05_03                             89  172 243 255
1076                L_40_B05_04                             245 246 234 255
1077                L_40_B05_05                             142 205 93  255
1078                L_40_B05_06                             216 191 143 255
1079                L_44_B05_01                             217 203 204 255
1080                L_44_B05_02                             184 69  229 255
1081                L_44_B05_03                             241 105 235 255
1082                L_45_B05_01                             177 69  105 255
1083                L_45_B05_02                             17  54  51  255
1084                L_23_B05_01                             73  72  51  255
1085                L_23_B05_02                             50  174 0   255
1086                L_39_B05_01                             40  110 250 255
1087                L_39_B05_02                             75  142 234 255
1088                L_39_B05_03                             65  51  197 255
1089                L_39_B05_04                             55  155 202 255
1090                L_39_B05_05                             134 201 140 255
1091                L_39_B05_06                             81  15  181 255
1092                L_43_B05_01                             72  252 15  255
1093                L_43_B05_02                             19  158 15  255
1094                L_19_B05_01                             225 248 154 255
1095                L_19_B05_02                             35  217 62  255
1096                L_19_B05_03                             169 10  0   255
1097                L_19_B05_04                             0   113 195 255
1098                L_19_B05_05                             226 82  108 255
1099                L_19_B05_06                             127 39  252 255
1100                L_19_B05_07                             239 222 17  255
1101                L_19_B05_08                             4   89  31  255
1102                L_19_B05_09                             177 101 246 255
1103                L_19_B05_10                             198 232 223 255
1104                L_19_B05_11                             166 101 61  255
1105                L_19_B05_12                             140 121 131 255
1106                L_19_B05_13                             131 228 20  255
1107                L_19_B05_14                             103 175 162 255
1108                L_47_B05_01                             137 168 157 255
1109                L_41_B05_01                             69  197 173 255
1110                L_41_B05_02                             39  206 214 255
1111                L_30_B05_01                             225 81  196 255
1112                L_22_B05_01                             47  2   13  255
1113                L_22_B05_02                             111 233 20  255
1114                L_22_B05_03                             92  24  138 255
1115                L_22_B05_04                             224 220 82  255
1116                L_22_B05_05                             204 244 62  255
1117                L_22_B05_06                             1   220 5   255
1118                L_22_B05_07                             150 171 43  255
1119                L_22_B05_08                             103 141 242 255
1120                L_22_B05_09                             7   115 86  255
1121                L_22_B05_10                             110 84  126 255
1122                L_42_B05_01                             105 22  94  255
1123                L_42_B05_02                             225 84  168 255
1124                L_42_B05_03                             57  216 118 255
1125                L_21_B05_01                             248 20  227 255
1126                L_21_B05_02                             130 35  66  255
1127                L_21_B05_03                             209 73  173 255
1128                L_38_B05_01                             51  211 135 255
1129                L_38_B05_02                             48  141 11  255
1130                L_38_B05_03                             226 81  172 255
1131                L_38_B05_04                             186 198 76  255
1132                L_37_B05_01                             191 223 26  255
1133                L_37_B05_02                             102 145 119 255
1134                L_37_B05_03                             184 142 173 255
1135                L_37_B05_04                             106 181 198 255
1136                L_37_B05_05                             251 84  211 255
1137                L_37_B05_06                             137 239 109 255
1138                L_37_B05_07                             108 29  128 255
1139                L_20_B05_01                             18  202 161 255
1140                L_20_B05_02                             215 84  185 255
1141                L_20_B05_03                             167 29  105 255
1142                L_20_B05_04                             93  140 90  255
1143                L_20_B05_05                             178 165 81  255
1144                L_20_B05_06                             69  156 117 255
1145                L_20_B05_07                             36  191 169 255
1146                L_32_B05_01                             77  41  164 255
1147                L_32_B05_02                             28  197 87  255
1148                L_32_B05_03                             250 196 150 255
1149                L_24_B05_01                             206 217 215 255
1150                L_24_B05_02                             119 138 45  255
1151                L_24_B05_03                             97  151 75  255
1152                L_24_B05_04                             176 67  11  255
1153                L_24_B05_05                             26  126 203 255
1154                L_10_B05_01                             7   252 203 255
1155                L_10_B05_02                             50  34  100 255
1156                L_10_B05_03                             67  84  81  255
1157                L_10_B05_04                             251 3   252 255
1158                L_25_B05_01                             52  206 140 255
1159                L_11_B05_01                             13  185 3   255
1160                L_11_B05_02                             21  204 219 255
1161                L_11_B05_03                             91  102 151 255
1162                L_11_B05_04                             212 208 219 255
1163                L_11_B05_05                             7   176 198 255
1164                L_11_B05_06                             33  233 26  255
1165                L_11_B05_07                             47  163 100 255
1166                L_46_B05_01                             242 168 248 255
1167                L_46_B05_02                             254 3   130 255
1168                L_46_B05_03                             242 220 100 255
1169                L_17_B05_01                             244 47  141 255
1170                L_17_B05_02                             57  67  248 255
1171                L_17_B05_03                             66  46  114 255
1172                L_17_B05_04                             97  137 220 255
1173                L_18_B05_01                             223 132 36  255
1174                L_18_B05_02                             244 178 24  255
1175                L_18_B05_03                             160 200 88  255
1176                L_18_B05_04                             71  65  18  255
1177                L_18_B05_05                             23  233 138 255
1178                L_18_B05_06                             51  83  246 255
1179                L_18_B05_07                             189 45  71  255
1180                L_27_B05_01                             173 58  20  255
1181                L_36_B05_01                             135 35  37  255
1182                L_35_B05_01                             213 146 41  255
1183                L_28_B05_01                             118 163 137 255
1184                L_29_B05_01                             82  63  119 255
1185                L_26_B05_01                             149 150 67  255
1186                L_33_B05_01                             163 91  172 255
2000                R_???_01                                88  184 181 255
2001                R_MEDIAL.WALL_01                        214 125 88  255
2002                R_8_B05_01                              248 86  62  255
2003                R_8_B05_02                              71  192 192 255
2004                R_8_B05_03                              248 180 225 255
2005                R_8_B05_04                              153 112 88  255
2006                R_8_B05_05                              47  209 18  255
2007                R_8_B05_06                              118 208 140 255
2008                R_6_B05_01                              31  208 106 255
2009                R_6_B05_02                              178 127 57  255
2010                R_6_B05_03                              193 41  121 255
2011                R_6_B05_04                              122 148 127 255
2012                R_6_B05_05                              174 231 153 255
2013                R_6_B05_06                              183 73  72  255
2014                R_6_B05_07                              54  90  137 255
2015                R_6_B05_08                              35  84  132 255
2016                R_6_B05_09                              122 185 121 255
2017                R_6_B05_10                              254 178 148 255
2018                R_6_B05_11                              224 71  99  255
2019                R_4_B05_01                              9   221 234 255
2020                R_4_B05_02                              241 21  172 255
2021                R_4_B05_03                              227 17  74  255
2022                R_4_B05_04                              54  246 245 255
2023                R_4_B05_05                              250 159 4   255
2024                R_4_B05_06                              64  196 56  255
2025                R_4_B05_07                              159 37  211 255
2026                R_4_B05_08                              132 80  198 255
2027                R_4_B05_09                              126 0   77  255
2028                R_4_B05_10                              62  142 220 255
2029                R_4_B05_11                              16  235 236 255
2030                R_4_B05_12                              42  113 191 255
2031                R_9_B05_01                              169 89  112 255
2032                R_9_B05_02                              180 130 138 255
2033                R_9_B05_03                              218 22  223 255
2034                R_9_B05_04                              68  194 249 255
2035                R_9_B05_05                              5   99  151 255
2036                R_9_B05_06                              142 37  149 255
2037                R_3_B05_01                              50  98  225 255
2038                R_3_B05_02                              234 69  201 255
2039                R_3_B05_03                              70  76  130 255
2040                R_1_B05_01                              58  2   140 255
2041                R_1_B05_02                              132 60  163 255
2042                R_1_B05_03                              65  117 84  255
2043                R_1_B05_04                              4   35  83  255
2044                R_1_B05_05                              249 95  37  255
2045                R_5_B05_01                              229 115 185 255
2046                R_5_B05_02                              244 134 94  255
2047                R_5_B05_03                              215 140 154 255
2048                R_7_B05_01                              97  84  1   255
2049                R_7_B05_02                              22  54  35  255
2050                R_7_B05_03                              186 38  245 255
2051                R_7_B05_04                              174 142 183 255
2052                R_7_B05_05                              110 83  233 255
2053                R_7_B05_06                              36  166 185 255
2054                R_7_B05_07                              78  201 126 255
2055                R_7_B05_08                              173 206 162 255
2056                R_7_B05_09                              128 174 123 255
2057                R_7_B05_10                              187 72  104 255
2058                R_7_B05_11                              165 132 69  255
2059                R_7_B05_12                              17  140 225 255
2060                R_7_B05_13                              253 122 230 255
2061                R_2_B05_01                              46  36  116 255
2062                R_2_B05_02                              117 87  106 255
2063                R_2_B05_03                              142 220 140 255
2064                R_2_B05_04                              167 62  201 255
2065                R_2_B05_05                              207 47  14  255
2066                R_2_B05_06                              197 134 118 255
2067                R_2_B05_07                              75  97  197 255
2068                R_2_B05_08                              45  215 179 255
2069                R_31_B05_01                             214 180 172 255
2070                R_31_B05_02                             166 174 197 255
2071                R_31_B05_03                             155 79  115 255
2072                R_31_B05_04                             121 3   57  255
2073                R_40_B05_01                             155 82  238 255
2074                R_40_B05_02                             96  191 158 255
2075                R_40_B05_03                             220 56  186 255
2076                R_40_B05_04                             122 243 213 255
2077                R_40_B05_05                             117 3   151 255
2078                R_40_B05_06                             76  207 100 255
2079                R_44_B05_01                             141 50  157 255
2080                R_44_B05_02                             146 64  172 255
2081                R_44_B05_03                             36  114 4   255
2082                R_45_B05_01                             183 148 188 255
2083                R_45_B05_02                             51  151 13  255
2084                R_23_B05_01                             71  246 62  255
2085                R_23_B05_02                             178 121 185 255
2086                R_39_B05_01                             48  158 111 255
2087                R_39_B05_02                             107 157 0   255
2088                R_39_B05_03                             52  157 55  255
2089                R_39_B05_04                             35  95  98  255
2090                R_39_B05_05                             207 177 184 255
2091                R_39_B05_06                             83  77  195 255
2092                R_43_B05_01                             122 96  61  255
2093                R_43_B05_02                             17  192 9   255
2094                R_19_B05_01                             20  129 242 255
2095                R_19_B05_02                             80  156 135 255
2096                R_19_B05_03                             80  102 40  255
2097                R_19_B05_04                             86  50  92  255
2098                R_19_B05_05                             166 128 70  255
2099                R_19_B05_06                             107 119 148 255
2100                R_19_B05_07                             212 35  163 255
2101                R_19_B05_08                             222 119 30  255
2102                R_19_B05_09                             140 122 7   255
2103                R_19_B05_10                             86  10  122 255
2104                R_19_B05_11                             138 23  39  255
2105                R_19_B05_12                             63  81  236 255
2106                R_19_B05_13                             93  253 105 255
2107                R_19_B05_14                             216 157 102 255
2108                R_47_B05_01                             220 192 39  255
2109                R_41_B05_01                             18  70  223 255
2110                R_41_B05_02                             240 136 223 255
2111                R_30_B05_01                             3   5   23  255
2112                R_22_B05_01                             20  209 84  255
2113                R_22_B05_02                             192 61  176 255
2114                R_22_B05_03                             95  166 43  255
2115                R_22_B05_04                             53  160 88  255
2116                R_22_B05_05                             213 40  93  255
2117                R_22_B05_06                             218 193 87  255
2118                R_22_B05_07                             197 84  233 255
2119                R_22_B05_08                             88  60  43  255
2120                R_22_B05_09                             246 181 49  255
2121                R_22_B05_10                             82  83  246 255
2122                R_42_B05_01                             143 131 117 255
2123                R_42_B05_02                             56  110 187 255
2124                R_42_B05_03                             149 203 22  255
2125                R_21_B05_01                             80  138 54  255
2126                R_21_B05_02                             179 234 145 255
2127                R_21_B05_03                             18  35  82  255
2128                R_38_B05_01                             23  229 244 255
2129                R_38_B05_02                             47  70  150 255
2130                R_38_B05_03                             49  240 30  255
2131                R_38_B05_04                             39  16  70  255
2132                R_37_B05_01                             69  140 37  255
2133                R_37_B05_02                             46  3   183 255
2134                R_37_B05_03                             9   35  192 255
2135                R_37_B05_04                             18  218 216 255
2136                R_37_B05_05                             5   162 41  255
2137                R_37_B05_06                             156 211 108 255
2138                R_37_B05_07                             69  178 204 255
2139                R_20_B05_01                             119 35  52  255
2140                R_20_B05_02                             44  170 167 255
2141                R_20_B05_03                             206 119 73  255
2142                R_20_B05_04                             4   236 174 255
2143                R_20_B05_05                             130 225 78  255
2144                R_20_B05_06                             234 180 240 255
2145                R_20_B05_07                             190 164 60  255
2146                R_32_B05_01                             198 65  178 255
2147                R_32_B05_02                             93  179 35  255
2148                R_32_B05_03                             245 187 113 255
2149                R_24_B05_01                             90  194 164 255
2150                R_24_B05_02                             222 100 21  255
2151                R_24_B05_03                             187 15  130 255
2152                R_24_B05_04                             107 178 63  255
2153                R_24_B05_05                             131 100 95  255
2154                R_10_B05_01                             85  213 150 255
2155                R_10_B05_02                             29  62  253 255
2156                R_10_B05_03                             200 245 9   255
2157                R_10_B05_04                             121 231 67  255
2158                R_25_B05_01                             36  81  77  255
2159                R_11_B05_01                             124 195 52  255
2160                R_11_B05_02                             231 192 161 255
2161                R_11_B05_03                             112 152 182 255
2162                R_11_B05_04                             167 36  136 255
2163                R_11_B05_05                             117 11  19  255
2164                R_11_B05_06                             29  220 39  255
2165                R_11_B05_07                             89  151 174 255
2166                R_46_B05_01                             75  20  85  255
2167                R_46_B05_02                             1   63  214 255
2168                R_46_B05_03                             42  215 241 255
2169                R_17_B05_01                             223 18  191 255
2170                R_17_B05_02                             187 207 6   255
2171                R_17_B05_03                             17  225 189 255
2172                R_17_B05_04                             38  94  85  255
2173                R_18_B05_01                             239 204 204 255
2174                R_18_B05_02                             224 206 42  255
2175                R_18_B05_03                             82  45  162 255
2176                R_18_B05_04                             118 177 36  255
2177                R_18_B05_05                             183 168 209 255
2178                R_18_B05_06                             109 252 45  255
2179                R_18_B05_07                             136 97  45  255
2180                R_27_B05_01                             242 186 38  255
2181                R_36_B05_01                             127 19  110 255
2182                R_35_B05_01                             208 19  224 255
2183                R_28_B05_01                             187 136 127 255
2184                R_29_B05_01                             40  98  144 255
2185                R_26_B05_01                             201 95  22  255
2186                R_33_B05_01                             3   248 113 255
